meanPrec_snr =

   98.9627   99.5796   97.9435   97.3433
   89.9189   93.0492   93.3069   93.3465
   99.8947   99.5589   99.6536   97.5273


stdPrec_snr =

    2.7711    1.7259    3.2473    4.2502
    8.1613    6.9496    7.2527    6.6368
    0.7443    1.5337    1.3856    3.8036


meanTPR_snr =

   88.0462   83.0561   92.9537   95.5215
   89.2882   89.1429   89.9241   88.7926
   84.8390   87.7969   90.5493   94.0081


stdTPR_snr =

    9.5138   10.3977    7.2391    5.3151
    8.2526    8.4532    8.8055    8.3580
   10.3705    7.5025    7.4946    6.3465


meanPrec_p =

  100.0000   99.8000   99.4520   99.1701
   94.4667   91.5478   93.6625   93.8617
  100.0000   99.2497   99.0125   98.8016


stdPrec_p =

         0    1.4142    1.2255    1.7430
    9.3158    6.8714    3.5693    4.4481
         0    2.0664    1.9695    3.0152


meanTPR_p =

   93.6000   86.2299   85.2202   86.8159
   92.4000   89.0456   90.5094   90.8884
   93.2000   88.6849   88.3546   89.6735


stdTPR_p =

   10.2539    8.8507    9.8483    5.4106
   11.3497    8.3865    8.5857    5.2208
   10.3884    8.1701    8.7845    5.0476